汽枪 288 0 8.67239545363
皇冠 274 0 8.61991386211
秃鹰 101 0 7.5938378286
百家乐 163 1 7.38772412364
打鸟 70 0 7.22552487223
气枪 58 0 7.03806180375
波音 56 0 7.00318937816
汽狗 55 0 6.98529673223
太阳城 53 0 6.94854306219
比分 51 0 6.91041685729
鸟枪 47 0 6.82960284222
真钱 45 0 6.78665779707
投注网 44 0 6.76448623069
足球 331 7 6.7403222945
投注 166 3 6.71327597651
麻将 39 0 6.64574045307
棋牌 78 1 6.64068575035
配件 37 0 6.59406232127
世博 36 0 6.56720171101
开户 107 2 6.553533308
今晚 34 0 6.51124724446
全讯网 32 0 6.45202227692
即时比分 31 0 6.42105843991
铅弹 30 0 6.38911760018
破解 29 0 6.35613567285
缅甸 25 0 6.21226678002
专卖 25 0 6.21226678002
正网 25 0 6.21226678002
竞彩网 23 0 6.13184026885
改单 23 0 6.13184026885
组装 23 0 6.13184026885
信誉 22 0 6.08908880791
小游戏 22 0 6.08908880791
美女图 20 0 5.99773344703
钢珠 20 0 5.99773344703
果敢 20 0 5.99773344703
大发 19 0 5.94875154669
123 19 0 5.94875154669
vs 19 0 5.94875154669
猎枪 18 0 5.89726655289
即时 17 0 5.84300766895
陶伟 17 0 5.84300766895
monkey 17 0 5.84300766895
足球队 16 0 5.78565762916
货到付款 16 0 5.78565762916
打猎 16 0 5.78565762916
云鼎 16 0 5.78565762916
轮盘 32 1 5.75886509211
狙击 15 0 5.72484141811
res 15 0 5.72484141811
hao123img 15 0 5.72484141811
五湖四海 15 0 5.72484141811
sc0 14 0 5.66011134444
修改器 14 0 5.66011134444
马牌 14 0 5.66011134444
骰宝 14 0 5.66011134444
黄金城 14 0 5.66011134444
图纸 14 0 5.66011134444
baidu 13 0 5.5909269571
连发 13 0 5.5909269571
注单 13 0 5.5909269571
赢钱 13 0 5.5909269571
皇马 13 0 5.5909269571
博彩 53 3 5.56221868801
斗地主 26 1 5.55704188019
开奖 12 0 5.51662750577
sc1 12 0 5.51662750577
气步枪 12 0 5.51662750577
alog 12 0 5.51662750577
宝马 12 0 5.51662750577
出租 50 3 5.50448151463
icon 11 0 5.43639335558
私网 11 0 5.43639335558
气狗 11 0 5.43639335558
云博 11 0 5.43639335558
盘口 11 0 5.43639335558
电狗 11 0 5.43639335558
1231 11 0 5.43639335558
消声器 10 0 5.34919057271
imglink 10 0 5.34919057271
牛牛 10 0 5.34919057271
足球比赛 10 0 5.34919057271
bg 10 0 5.34919057271
二手车 10 0 5.34919057271
鸿运 10 0 5.34919057271
专卖网 10 0 5.34919057271
ib 10 0 5.34919057271
博盈 10 0 5.34919057271
阿根廷 10 0 5.34919057271
hao123 20 1 5.30457626222
世界杯 78 7 5.25433136162
长沙 9 0 5.25368902366
鸿博 9 0 5.25368902366
综艺 9 0 5.25368902366
pcp 9 0 5.25368902366
selected 9 0 5.25368902366
特价 9 0 5.25368902366
走地 9 0 5.25368902366
txt 9 0 5.25368902366
全讯 9 0 5.25368902366
气动 9 0 5.25368902366
搞笑 9 0 5.25368902366
博狗 9 0 5.25368902366
s0 9 0 5.25368902366
易发 9 0 5.25368902366
123123 9 0 5.25368902366
over 9 0 5.25368902366
hao 8 0 5.14813717537
E5% 8 0 5.14813717537
鼎盛 8 0 5.14813717537
bet365 8 0 5.14813717537
球网 8 0 5.14813717537
彩票网 8 0 5.14813717537
85% 8 0 5.14813717537
E6% 8 0 5.14813717537
气弹 8 0 5.14813717537
优博 8 0 5.14813717537
slider 8 0 5.14813717537
BA% 8 0 5.14813717537
E9% 8 0 5.14813717537
pic 8 0 5.14813717537
高压 24 2 5.07422184943
3453 7 0 5.03016284368
明升 7 0 5.03016284368
amp 7 0 5.03016284368
澳博 7 0 5.03016284368
slide 7 0 5.03016284368
first 7 0 5.03016284368
E8% 7 0 5.03016284368
list 7 0 5.03016284368
大赢家 7 0 5.03016284368
合肥 7 0 5.03016284368
fr 7 0 5.03016284368
8C% 7 0 5.03016284368
hook 7 0 5.03016284368
板球 7 0 5.03016284368
8B% 7 0 5.03016284368
wrap 7 0 5.03016284368
ind 7 0 5.03016284368
利记 7 0 5.03016284368
利高 7 0 5.03016284368
game 7 0 5.03016284368
刚珠枪 7 0 5.03016284368
8E% 7 0 5.03016284368
黑市 7 0 5.03016284368
E4% 7 0 5.03016284368
蓝盾 7 0 5.03016284368
弓弩 7 0 5.03016284368
atd 7 0 5.03016284368
正宗 7 0 5.03016284368
sal 7 0 5.03016284368
custom 7 0 5.03016284368
tab 7 0 5.03016284368
永利 14 1 4.96695415963
真人 13 1 4.89776977229
A5% 6 0 4.89644019161
BC% 6 0 4.89644019161
88% 6 0 4.89644019161
骚本 6 0 4.89644019161
bg11 6 0 4.89644019161
真枪 6 0 4.89644019161
BF% 6 0 4.89644019161
9B% 6 0 4.89644019161
久盛 6 0 4.89644019161
8F% 6 0 4.89644019161
高清 6 0 4.89644019161
97% 6 0 4.89644019161
快排 6 0 4.89644019161
A6% 6 0 4.89644019161
ie 6 0 4.89644019161
92% 6 0 4.89644019161
国产 6 0 4.89644019161
AF% 6 0 4.89644019161
竞猜 6 0 4.89644019161
hidefocus 6 0 4.89644019161
战神 6 0 4.89644019161
二手 6 0 4.89644019161
pg 6 0 4.89644019161
A1% 6 0 4.89644019161
气瓶 6 0 4.89644019161
枪弹 6 0 4.89644019161
美秃 6 0 4.89644019161
抓路 6 0 4.89644019161
试玩 6 0 4.89644019161
tn 6 0 4.89644019161
9C% 6 0 4.89644019161
dongman 6 0 4.89644019161
城申博 6 0 4.89644019161
cctv5 6 0 4.89644019161
zt 6 0 4.89644019161
BD% 6 0 4.89644019161
A4% 6 0 4.89644019161
B0% 6 0 4.89644019161
网购 6 0 4.89644019161
B8% 6 0 4.89644019161
clr 6 0 4.89644019161
AD% 6 0 4.89644019161
9F% 6 0 4.89644019161
89% 6 0 4.89644019161
淘宝 6 0 4.89644019161
alias 6 0 4.89644019161
81% 6 0 4.89644019161
金弓 6 0 4.89644019161
汽瓶 6 0 4.89644019161
E7% 6 0 4.89644019161
金杯 6 0 4.89644019161
htm 6 0 4.89644019161
雪园 6 0 4.89644019161
tabs 6 0 4.89644019161
龙虎 6 0 4.89644019161
BB% 6 0 4.89644019161
砖石 6 0 4.89644019161
亿酷 6 0 4.89644019161
威尼斯人 6 0 4.89644019161
抓图 6 0 4.89644019161
AB% 6 0 4.89644019161
9D% 6 0 4.89644019161
大全 26 3 4.86387469083
娱乐城 114 17 4.82579064986
子弹 12 1 4.82347032096
线上 12 1 4.82347032096
ul 12 1 4.82347032096
直播 82 13 4.74482424352
老虎机 11 1 4.74323617077
玩法 11 1 4.74323617077
兑换 11 1 4.74323617077
开彩 5 0 4.74209828891
B3% 5 0 4.74209828891
长春 5 0 4.74209828891
狙击枪 5 0 4.74209828891
next 5 0 4.74209828891
盈丰 5 0 4.74209828891
澳客 5 0 4.74209828891
empty 5 0 4.74209828891
zongyi 5 0 4.74209828891
A9% 5 0 4.74209828891
A0% 5 0 4.74209828891
B4% 5 0 4.74209828891
subtitle 5 0 4.74209828891
铁算盘 5 0 4.74209828891
徐州 5 0 4.74209828891
83% 5 0 4.74209828891
地网 5 0 4.74209828891
bangdan 5 0 4.74209828891
BE% 5 0 4.74209828891
fc5 5 0 4.74209828891
life 5 0 4.74209828891
B1% 5 0 4.74209828891
bd 5 0 4.74209828891
B9% 5 0 4.74209828891
453 5 0 4.74209828891
私服 5 0 4.74209828891
h2 5 0 4.74209828891
B2% 5 0 4.74209828891
6786 5 0 4.74209828891
82% 5 0 4.74209828891
阀门 5 0 4.74209828891
red 5 0 4.74209828891
枪械 5 0 4.74209828891
fade 5 0 4.74209828891
体球 5 0 4.74209828891
六给 5 0 4.74209828891
兰州 5 0 4.74209828891
B7% 5 0 4.74209828891
占成 5 0 4.74209828891
5675 5 0 4.74209828891
recom 5 0 4.74209828891
87% 5 0 4.74209828891
AA% 5 0 4.74209828891
tuijian 5 0 4.74209828891
美式 5 0 4.74209828891
live 5 0 4.74209828891
弹弓 5 0 4.74209828891
grid 5 0 4.74209828891
马会 5 0 4.74209828891
B5% 5 0 4.74209828891
姚记 5 0 4.74209828891
汽皇 5 0 4.74209828891
ctx 5 0 4.74209828891
高尔夫 5 0 4.74209828891
阿森纳 5 0 4.74209828891
fc5h 5 0 4.74209828891
B6% 5 0 4.74209828891
新宝 5 0 4.74209828891
哪有 5 0 4.74209828891
稳赢 5 0 4.74209828891
王中王 5 0 4.74209828891
一肖中特 5 0 4.74209828891
黄金 5 0 4.74209828891
伟德 5 0 4.74209828891
代理 46 7 4.72884512554
六合彩 16 2 4.68702533189
现金 55 9 4.68262159736
游戏 118 21 4.66005269738
电视剧 10 1 4.6560333879
赔率 24 4 4.56337621666
二八 9 1 4.56053183885
传奇 9 1 4.56053183885
navshow 4 0 4.55958554581
8D% 4 0 4.55958554581
Tag 4 0 4.55958554581
91% 4 0 4.55958554581
足球网 4 0 4.55958554581
pagelets 4 0 4.55958554581
厦门 4 0 4.55958554581
AE% 4 0 4.55958554581
ifeng 4 0 4.55958554581
华侨 4 0 4.55958554581
零件 4 0 4.55958554581
888 4 0 4.55958554581
握把 4 0 4.55958554581
TV 4 0 4.55958554581
天猫 4 0 4.55958554581
后备 4 0 4.55958554581
gaoxiao 4 0 4.55958554581
8A% 4 0 4.55958554581
华山 4 0 4.55958554581
A8% 4 0 4.55958554581
银河 4 0 4.55958554581
78978 4 0 4.55958554581
94% 4 0 4.55958554581
认牌 4 0 4.55958554581
绍兴 4 0 4.55958554581
prev 4 0 4.55958554581
A3% 4 0 4.55958554581
iqiyi 4 0 4.55958554581
购枪 4 0 4.55958554581
划算 4 0 4.55958554581
海口 4 0 4.55958554581
凯旋门 4 0 4.55958554581
反水 4 0 4.55958554581
menu 4 0 4.55958554581
航班 4 0 4.55958554581
dianshi 4 0 4.55958554581
体育比赛 4 0 4.55958554581
充气 4 0 4.55958554581
AC% 4 0 4.55958554581
漫画 4 0 4.55958554581
天上人间 4 0 4.55958554581
南宁 4 0 4.55958554581
PCP 4 0 4.55958554581
ea 4 0 4.55958554581
9E% 4 0 4.55958554581
佛山 4 0 4.55958554581
auto 4 0 4.55958554581
m1911 4 0 4.55958554581
威力 4 0 4.55958554581
br20 4 0 4.55958554581
八卦 4 0 4.55958554581
爱奇艺 4 0 4.55958554581
套件 4 0 4.55958554581
gettop 4 0 4.55958554581
nr 4 0 4.55958554581
枪管 4 0 4.55958554581
p1 4 0 4.55958554581
slides 4 0 4.55958554581
fun 4 0 4.55958554581
gcgc 4 0 4.55958554581
dianying 4 0 4.55958554581
sw 4 0 4.55958554581
西宁 4 0 4.55958554581
亿博 4 0 4.55958554581
猎鹰 4 0 4.55958554581
龙博 4 0 4.55958554581
申花 4 0 4.55958554581
zixun 4 0 4.55958554581
黄博文 4 0 4.55958554581
热播 4 0 4.55958554581
电长 4 0 4.55958554581
kan 4 0 4.55958554581
一幕 4 0 4.55958554581
皇室 4 0 4.55958554581
定金 4 0 4.55958554581
fc23h 4 0 4.55958554581
84% 4 0 4.55958554581
仿真枪 4 0 4.55958554581
手狗 4 0 4.55958554581
3d 4 0 4.55958554581
字牌 4 0 4.55958554581
api 4 0 4.55958554581
fc23 4 0 4.55958554581
膛线 4 0 4.55958554581
运势 4 0 4.55958554581
A7% 4 0 4.55958554581
xingzuonew 4 0 4.55958554581
93% 4 0 4.55958554581
包头 4 0 4.55958554581
btn 4 0 4.55958554581
9A% 4 0 4.55958554581
xyx 4 0 4.55958554581
正版 4 0 4.55958554581
器材 4 0 4.55958554581
长春亚泰 4 0 4.55958554581
A2% 4 0 4.55958554581
步枪 4 0 4.55958554581
网球 4 0 4.55958554581
利澳 4 0 4.55958554581
攻略 4 0 4.55958554581
moe 4 0 4.55958554581
86% 4 0 4.55958554581
96% 4 0 4.55958554581
排气 4 0 4.55958554581
单机版 4 0 4.55958554581
隶属 4 0 4.55958554581
众博 4 0 4.55958554581
尊爵 4 0 4.55958554581
999 4 0 4.55958554581
567567 4 0 4.55958554581
link 13 2 4.49229465983
皇家 13 2 4.49229465983
88 13 2 4.49229465983
下注 26 5 4.45838957352
video 8 1 4.45497999056
扑克 12 2 4.4179952085
天堂 7 1 4.33700565887
推介 7 1 4.33700565887
专用 7 1 4.33700565887
__ 7 1 4.33700565887
求购 7 1 4.33700565887
hd 7 1 4.33700565887
云顶 7 1 4.33700565887
现场直播 7 1 4.33700565887
神片 3 0 4.33625084473
阿曼 3 0 4.33625084473
bottom 3 0 4.33625084473
枪迷 3 0 4.33625084473
Live 3 0 4.33625084473
澳盈 3 0 4.33625084473
茅台 3 0 4.33625084473
冲水 3 0 4.33625084473
線上 3 0 4.33625084473
救驾 3 0 4.33625084473
汽弩枪 3 0 4.33625084473
六和合彩 3 0 4.33625084473
Game 3 0 4.33625084473
br3 3 0 4.33625084473
盲山 3 0 4.33625084473
可靠 3 0 4.33625084473
打狗枪 3 0 4.33625084473
狗官 3 0 4.33625084473
wangju 3 0 4.33625084473
56756 3 0 4.33625084473
882 3 0 4.33625084473
风波 3 0 4.33625084473
斗鱼 3 0 4.33625084473
caipiao 3 0 4.33625084473
龙之谷 3 0 4.33625084473
NBA 3 0 4.33625084473
678678 3 0 4.33625084473
绝壁 3 0 4.33625084473
火车票 3 0 4.33625084473
A2 3 0 4.33625084473
英皇 3 0 4.33625084473
tt 3 0 4.33625084473
捕猎 3 0 4.33625084473
狩猎 3 0 4.33625084473
门业 3 0 4.33625084473
球皇 3 0 4.33625084473
东方明珠 3 0 4.33625084473
toplist 3 0 4.33625084473
flight 3 0 4.33625084473
relax 3 0 4.33625084473
全集 3 0 4.33625084473
cpc 3 0 4.33625084473
金宝博 3 0 4.33625084473
线场 3 0 4.33625084473
皮碗 3 0 4.33625084473
赛马会 3 0 4.33625084473
举报中心 3 0 4.33625084473
toppicture 3 0 4.33625084473
ch 3 0 4.33625084473
朱枪 3 0 4.33625084473
连连看 3 0 4.33625084473
col 3 0 4.33625084473
fl 3 0 4.33625084473
玩博 3 0 4.33625084473
到货 3 0 4.33625084473
gc 3 0 4.33625084473
h3 3 0 4.33625084473
上映 3 0 4.33625084473
67567 3 0 4.33625084473
气压 3 0 4.33625084473
+% 3 0 4.33625084473
枪子 3 0 4.33625084473
尊博 3 0 4.33625084473
mk 3 0 4.33625084473
mv 3 0 4.33625084473
mr 3 0 4.33625084473
ent 3 0 4.33625084473
尊波 3 0 4.33625084473
4564 3 0 4.33625084473
原版 3 0 4.33625084473
p2 3 0 4.33625084473
p3 3 0 4.33625084473
sitemap 3 0 4.33625084473
枪网 3 0 4.33625084473
EF% 3 0 4.33625084473
魔兽 3 0 4.33625084473
zq98 3 0 4.33625084473
论坛网 3 0 4.33625084473
sy 3 0 4.33625084473
求婚 3 0 4.33625084473
kuaidi 3 0 4.33625084473
default 3 0 4.33625084473
暴利 3 0 4.33625084473
licai 3 0 4.33625084473
黑客软件 3 0 4.33625084473
皇博 3 0 4.33625084473
延误 3 0 4.33625084473
女神 3 0 4.33625084473
slider2 3 0 4.33625084473
瞄准镜 3 0 4.33625084473
头条新闻 3 0 4.33625084473
独赢 3 0 4.33625084473
map 3 0 4.33625084473
1L 3 0 4.33625084473
yxhanjia02 3 0 4.33625084473
马刺 3 0 4.33625084473
网上药店 3 0 4.33625084473
手游 3 0 4.33625084473
2F 3 0 4.33625084473
燕尾 3 0 4.33625084473
易购 3 0 4.33625084473
train 3 0 4.33625084473
rank 3 0 4.33625084473
V10 3 0 4.33625084473
彩金 3 0 4.33625084473
toptab2 3 0 4.33625084473
切尔西 3 0 4.33625084473
fc4 3 0 4.33625084473
瑞博 3 0 4.33625084473
伟易博 3 0 4.33625084473
心得 3 0 4.33625084473
8B 3 0 4.33625084473
exam 3 0 4.33625084473
钻石 3 0 4.33625084473
尺寸 3 0 4.33625084473
万年历 3 0 4.33625084473
zxfy 3 0 4.33625084473
教程 3 0 4.33625084473
风云 3 0 4.33625084473
l2r 3 0 4.33625084473
网剧 3 0 4.33625084473
hg0088 3 0 4.33625084473
4399 3 0 4.33625084473
汽压 3 0 4.33625084473
军品店 3 0 4.33625084473
AI 3 0 4.33625084473
Aw 3 0 4.33625084473
jiaotong 3 0 4.33625084473
BD 3 0 4.33625084473
BA 3 0 4.33625084473
B4 3 0 4.33625084473
222 3 0 4.33625084473
遇害 3 0 4.33625084473
帝王 3 0 4.33625084473
散弹枪 3 0 4.33625084473
电狗枪 3 0 4.33625084473
棋牌室 3 0 4.33625084473
E2% 3 0 4.33625084473
报价 3 0 4.33625084473
扫雪 3 0 4.33625084473
改期 3 0 4.33625084473
678 3 0 4.33625084473
不良信息 3 0 4.33625084473
99% 3 0 4.33625084473
sk7 3 0 4.33625084473
div 18 4 4.28778862285
成都 14 3 4.27378697026
指数 10 2 4.25055827544
立博 10 2 4.25055827544
hide 6 1 4.2032830068
双色球 6 1 4.2032830068
样本 6 1 4.2032830068
word 6 1 4.2032830068
几点 6 1 4.2032830068
https 9 2 4.15505672639
决赛 28 8 4.12473743942
png 8 2 4.0495048781
葡京 8 2 4.0495048781
type 8 2 4.0495048781
小说 5 1 4.0489411041
宁波 5 1 4.0489411041
最快 5 1 4.0489411041
自制 5 1 4.0489411041
工字 5 1 4.0489411041
梭哈 5 1 4.0489411041
白小姐 5 1 4.0489411041
男子 5 1 4.0489411041
扑克牌 5 1 4.0489411041
街头 5 1 4.0489411041
世界杯赛 5 1 4.0489411041
移移 2 0 4.04837765904
music 2 0 4.04837765904
外媒 2 0 4.04837765904
tech 2 0 4.04837765904
阿扎 2 0 4.04837765904
斩获 2 0 4.04837765904
夜开 2 0 4.04837765904
多纳 2 0 4.04837765904
大亨 2 0 4.04837765904
外围 2 0 4.04837765904
在线翻译 2 0 4.04837765904
减震 2 0 4.04837765904
stocknew 2 0 4.04837765904
火箭 2 0 4.04837765904
四肖八码 2 0 4.04837765904
咨讯网 2 0 4.04837765904
yxlm 2 0 4.04837765904
明日 2 0 4.04837765904
lbspanel 2 0 4.04837765904
口诀 2 0 4.04837765904
7867 2 0 4.04837765904
pptv 2 0 4.04837765904
最合适 2 0 4.04837765904
波音公司 2 0 4.04837765904
神器 2 0 4.04837765904
一汽 2 0 4.04837765904
阿尔及利亚 2 0 4.04837765904
冰火 2 0 4.04837765904
小姐姐 2 0 4.04837765904
esball 2 0 4.04837765904
七乐彩 2 0 4.04837765904
胜经 2 0 4.04837765904
navbj 2 0 4.04837765904
后宫 2 0 4.04837765904
13395 2 0 4.04837765904
key 2 0 4.04837765904
尼克斯 2 0 4.04837765904
阿尔艾 2 0 4.04837765904
冒险 2 0 4.04837765904
display 2 0 4.04837765904
2312 2 0 4.04837765904
全北 2 0 4.04837765904
期期 2 0 4.04837765904
交通银行 2 0 4.04837765904
红包 2 0 4.04837765904
数据分析 2 0 4.04837765904
kuzhan 2 0 4.04837765904
Booking 2 0 4.04837765904
group 2 0 4.04837765904
2017107 2 0 4.04837765904
请加 2 0 4.04837765904
闹鬼 2 0 4.04837765904
提款 2 0 4.04837765904
模具 2 0 4.04837765904
轮空 2 0 4.04837765904
快船 2 0 4.04837765904
b50 2 0 4.04837765904
纪元 2 0 4.04837765904
去向 2 0 4.04837765904
fangchan 2 0 4.04837765904
nrhide 2 0 4.04837765904
alipay 2 0 4.04837765904
tejia 2 0 4.04837765904
34234 2 0 4.04837765904
bigrender 2 0 4.04837765904
吐槽 2 0 4.04837765904
t5 2 0 4.04837765904
t2 2 0 4.04837765904
sodu 2 0 4.04837765904
xuexi 2 0 4.04837765904
imglg 2 0 4.04837765904
冬季 2 0 4.04837765904
9999 2 0 4.04837765904
托雷斯 2 0 4.04837765904
3803 2 0 4.04837765904
专买 2 0 4.04837765904
内脏 2 0 4.04837765904
射程 2 0 4.04837765904
nuomi 2 0 4.04837765904
豪宅 2 0 4.04837765904
解救 2 0 4.04837765904
ctab 2 0 4.04837765904
BF 2 0 4.04837765904
球探网 2 0 4.04837765904
买到 2 0 4.04837765904
击中 2 0 4.04837765904
庆生 2 0 4.04837765904
美女秀 2 0 4.04837765904
原装 2 0 4.04837765904
sitehao123 2 0 4.04837765904
child 2 0 4.04837765904
大冒险 2 0 4.04837765904
春运 2 0 4.04837765904
贾跃亭 2 0 4.04837765904
这事 2 0 4.04837765904
丰田 2 0 4.04837765904
万博 2 0 4.04837765904
意见反馈 2 0 4.04837765904
searchTab 2 0 4.04837765904
巴雷特 2 0 4.04837765904
中握 2 0 4.04837765904
享淘网 2 0 4.04837765904
12bet1 2 0 4.04837765904
六间房 2 0 4.04837765904
COM2017 2 0 4.04837765904
PHPOK 2 0 4.04837765904
456 2 0 4.04837765904
恐怖 2 0 4.04837765904
cc 2 0 4.04837765904
下雪 2 0 4.04837765904
屠龙 2 0 4.04837765904
4531 2 0 4.04837765904
dj 2 0 4.04837765904
伦卡 2 0 4.04837765904
欢乐谷 2 0 4.04837765904
造车 2 0 4.04837765904
soccer 2 0 4.04837765904
duration 2 0 4.04837765904
上瘾 2 0 4.04837765904
充值 2 0 4.04837765904
拘留 2 0 4.04837765904
现身 2 0 4.04837765904
线管 2 0 4.04837765904
木托 2 0 4.04837765904
12bet 2 0 4.04837765904
背面 2 0 4.04837765904
福利彩票 2 0 4.04837765904
消消 2 0 4.04837765904
豪门 2 0 4.04837765904
上期 2 0 4.04837765904
京城 2 0 4.04837765904
EmulateIE7 2 0 4.04837765904
月均 2 0 4.04837765904
决战 2 0 4.04837765904
博九 2 0 4.04837765904
结构图 2 0 4.04837765904
小伙 2 0 4.04837765904
2017121 2 0 4.04837765904
吓呆 2 0 4.04837765904
none 2 0 4.04837765904
gname 2 0 4.04837765904
50000110 2 0 4.04837765904
剧集 2 0 4.04837765904
阳城 2 0 4.04837765904
救女 2 0 4.04837765904
国嘴 2 0 4.04837765904
闪电 2 0 4.04837765904
lt 2 0 4.04837765904
coolsiteresource 2 0 4.04837765904
陶伟因 2 0 4.04837765904
拿下 2 0 4.04837765904
好彩 2 0 4.04837765904
网站大全 2 0 4.04837765904
小将 2 0 4.04837765904
散件 2 0 4.04837765904
mm 2 0 4.04837765904
足球鞋 2 0 4.04837765904
公斤 2 0 4.04837765904
体网 2 0 4.04837765904
战报 2 0 4.04837765904
shtml 2 0 4.04837765904
fenlei1 2 0 4.04837765904
cba 2 0 4.04837765904
体育台 2 0 4.04837765904
实况足球 2 0 4.04837765904
偶偶 2 0 4.04837765904
health 2 0 4.04837765904
竟是 2 0 4.04837765904
p4 2 0 4.04837765904
国家足球队 2 0 4.04837765904
好用 2 0 4.04837765904
长隆 2 0 4.04837765904
优信 2 0 4.04837765904
外交部 2 0 4.04837765904
钢弹 2 0 4.04837765904
单关 2 0 4.04837765904
Jun 2 0 4.04837765904
九州 2 0 4.04837765904
公牛 2 0 4.04837765904
中特网 2 0 4.04837765904
rt 2 0 4.04837765904
rm 2 0 4.04837765904
爆笑 2 0 4.04837765904
打鸟用 2 0 4.04837765904
9B 2 0 4.04837765904
宝盈 2 0 4.04837765904
弹枪 2 0 4.04837765904
sp 2 0 4.04837765904
8bc8 2 0 4.04837765904
t1 2 0 4.04837765904
汽狗枪 2 0 4.04837765904
cid 2 0 4.04837765904
改装 2 0 4.04837765904
赢法 2 0 4.04837765904
弹簧 2 0 4.04837765904
site 2 0 4.04837765904
hardware 2 0 4.04837765904
卖枪 2 0 4.04837765904
乌迪内斯 2 0 4.04837765904
卖奶 2 0 4.04837765904
bank 2 0 4.04837765904
护路 2 0 4.04837765904
参数 2 0 4.04837765904
头奖 2 0 4.04837765904
斑鸠 2 0 4.04837765904
三箭 2 0 4.04837765904
打狗 2 0 4.04837765904
探秘 2 0 4.04837765904
豌豆 2 0 4.04837765904
型材 2 0 4.04837765904
cctv1 2 0 4.04837765904
特价机票 2 0 4.04837765904
bet3652 2 0 4.04837765904
爆出 2 0 4.04837765904
53451 2 0 4.04837765904
黄兴 2 0 4.04837765904
yy 2 0 4.04837765904
yz 2 0 4.04837765904
哪能 2 0 4.04837765904
黄冈 2 0 4.04837765904
黄冠 2 0 4.04837765904
日博 2 0 4.04837765904
弹夹 2 0 4.04837765904
lghide 2 0 4.04837765904
部件 2 0 4.04837765904
page 2 0 4.04837765904
市场行情 2 0 4.04837765904
596686 2 0 4.04837765904
游戏机 2 0 4.04837765904
胡歌 2 0 4.04837765904
天涯社区 2 0 4.04837765904
哔哩 2 0 4.04837765904
三箭牌 2 0 4.04837765904
突鹰 2 0 4.04837765904
188 2 0 4.04837765904
秃子 2 0 4.04837765904
黑子 2 0 4.04837765904
navhtm 2 0 4.04837765904
3F 2 0 4.04837765904
守护 2 0 4.04837765904
网送 2 0 4.04837765904
斗牛 2 0 4.04837765904
左轮 2 0 4.04837765904
被困 2 0 4.04837765904
选购 2 0 4.04837765904
cls 2 0 4.04837765904
mianyi 2 0 4.04837765904
瑞士 2 0 4.04837765904
sports 2 0 4.04837765904
颜值 2 0 4.04837765904
散弹 2 0 4.04837765904
1516865147929 2 0 4.04837765904
韦德 2 0 4.04837765904
5345 2 0 4.04837765904
高点 2 0 4.04837765904
黑红 2 0 4.04837765904
feed 2 0 4.04837765904
马桶 2 0 4.04837765904
520 2 0 4.04837765904
890 2 0 4.04837765904
846% 2 0 4.04837765904
蓝月 2 0 4.04837765904
僵尸 2 0 4.04837765904
8C 2 0 4.04837765904
8D 2 0 4.04837765904
本溪 2 0 4.04837765904
麻将牌 2 0 4.04837765904
美国进口 2 0 4.04837765904
手工 2 0 4.04837765904
fenlei2 2 0 4.04837765904
fenlei3 2 0 4.04837765904
second 2 0 4.04837765904
9A 2 0 4.04837765904
shortvideo 2 0 4.04837765904
9C 2 0 4.04837765904
9F 2 0 4.04837765904
hot 2 0 4.04837765904
zhaopin 2 0 4.04837765904
沉默 2 0 4.04837765904
黄健翔 2 0 4.04837765904
正品 2 0 4.04837765904
sale 2 0 4.04837765904
汽水 2 0 4.04837765904
昨晚 2 0 4.04837765904
88suncjty 2 0 4.04837765904
shouji 2 0 4.04837765904
之球 2 0 4.04837765904
估值 2 0 4.04837765904
车窗 2 0 4.04837765904
taobao 2 0 4.04837765904
movie 2 0 4.04837765904
日付 2 0 4.04837765904
体育赛事 2 0 4.04837765904
国语版 2 0 4.04837765904
汽粮 2 0 4.04837765904
疲劳 2 0 4.04837765904
desc 2 0 4.04837765904
雨中 2 0 4.04837765904
双闪 2 0 4.04837765904
黄金岛 2 0 4.04837765904
rili 2 0 4.04837765904
伯明翰 2 0 4.04837765904
彩友 2 0 4.04837765904
枸造 2 0 4.04837765904
电影票 2 0 4.04837765904
肖八码 2 0 4.04837765904
wyyx 2 0 4.04837765904
招商银行 2 0 4.04837765904
误入 2 0 4.04837765904
gb2321IE 2 0 4.04837765904
影院 2 0 4.04837765904
info 2 0 4.04837765904
A0 2 0 4.04837765904
A9 2 0 4.04837765904
A8 2 0 4.04837765904
AD 2 0 4.04837765904
梦幻 2 0 4.04837765904
网王 2 0 4.04837765904
manhua 2 0 4.04837765904
动画片 2 0 4.04837765904
网盘 2 0 4.04837765904
B8 2 0 4.04837765904
B9 2 0 4.04837765904
之家 2 0 4.04837765904
250768 2 0 4.04837765904
2017109 2 0 4.04837765904
精选 2 0 4.04837765904
loading 2 0 4.04837765904
shequ 2 0 4.04837765904
background 2 0 4.04837765904
12027 2 0 4.04837765904
过桥 2 0 4.04837765904
三问 2 0 4.04837765904
456456 2 0 4.04837765904
阿内尔卡 2 0 4.04837765904
最新版 2 0 4.04837765904
申博 2 0 4.04837765904
新娘 2 0 4.04837765904
古巨基 2 0 4.04837765904
单场 2 0 4.04837765904
弩枪 2 0 4.04837765904
郭敬明 2 0 4.04837765904
醉酒 2 0 4.04837765904
年货 2 0 4.04837765904
滑膛 2 0 4.04837765904
soft 2 0 4.04837765904
pid 2 0 4.04837765904
妹子 2 0 4.04837765904
阵容 2 0 4.04837765904
二四六 2 0 4.04837765904
漏气 2 0 4.04837765904
单机 2 0 4.04837765904
礼包 2 0 4.04837765904
7m22 2 0 4.04837765904
黄蜂 2 0 4.04837765904
砖头 2 0 4.04837765904
相克 2 0 4.04837765904
tip 2 0 4.04837765904
小口径 2 0 4.04837765904
单注 2 0 4.04837765904
阿迪达斯 2 0 4.04837765904
26.3 2 0 4.04837765904
装扮 2 0 4.04837765904
西游 2 0 4.04837765904
老歌 2 0 4.04837765904
找回 2 0 4.04837765904
nba 2 0 4.04837765904
5.5 2 0 4.04837765904
几人 2 0 4.04837765904
feedBottom 2 0 4.04837765904
675 2 0 4.04837765904
什么游戏 2 0 4.04837765904
伟博 2 0 4.04837765904
大乐透 2 0 4.04837765904
男装 2 0 4.04837765904
新游 2 0 4.04837765904
记者会 2 0 4.04837765904
活塞 2 0 4.04837765904
erji 2 0 4.04837765904
234234 2 0 4.04837765904
789789 2 0 4.04837765904
book 2 0 4.04837765904
篮球 13 4 3.98144902706
娱乐场 10 3 3.96286619854
手枪 10 3 3.96286619854
id 15 5 3.93303192662
image 15 5 3.93303192662
作弊 7 2 3.93153054641
技巧 29 11 3.87111897079
构造 9 3 3.86736464948
截然不同 4 1 3.866428361
last 4 1 3.866428361
大庆 4 1 3.866428361
马鞍山 4 1 3.866428361
红利 4 1 3.866428361
石家庄 4 1 3.866428361
台州 4 1 3.866428361
沈阳 4 1 3.866428361
container 4 1 3.866428361
荣耀 4 1 3.866428361
no 4 1 3.866428361
沧州 4 1 3.866428361
两注 4 1 3.866428361
首选 4 1 3.866428361
主题曲 4 1 3.866428361
功夫 4 1 3.866428361
无锡 4 1 3.866428361
鞍山 4 1 3.866428361
泉州 4 1 3.866428361
box 13 5 3.79911746561
搜狐 6 2 3.79780789434
header 6 2 3.79780789434
title 15 6 3.77887124204
澳门 66 29 3.76527592533
赌场 34 15 3.73850844794
仿真 12 5 3.72481801428
俄罗斯 15 7 3.64532984456
li 13 6 3.64495678103
便宜 7 3 3.64383846951
爱好者 7 3 3.64383846951
力图 5 2 3.64346599164
hover 5 2 3.64346599164
魔术 5 2 3.64346599164
枪支 5 2 3.64346599164
blank 5 2 3.64346599164
98% 5 2 3.64346599164
本期 5 2 3.64346599164
外卖 3 1 3.64309365992
天涯 3 1 3.64309365992
news 3 1 3.64309365992
detail 3 1 3.64309365992
东城 3 1 3.64309365992
母鸡 3 1 3.64309365992
宝宝 3 1 3.64309365992
97 3 1 3.64309365992
高薪 3 1 3.64309365992
B1 3 1 3.64309365992
存款 3 1 3.64309365992
电动 3 1 3.64309365992
价格公道 1 0 3.64272147422
ad35 1 0 3.64272147422